1729586547462 158459.078125 0
1729586547515 57296.18359375 1
1729586547564 44772.73828125 2
1729586547611 42734.85546875 3
1729586547658 42015.96484375 4
1729586547691 46666.83984375 5
1729586547723 42603.87109375 6
1729586547760 44441.8046875 7
1729586547813 43925.84375 8
1729586547868 44498.92578125 9
1729586547907 43099.765625 10
1729586547946 41755.5703125 11
1729586547982 42781.265625 12
1729586548017 42113.26953125 13
1729586548062 39531.5859375 14
1729586548110 38380.59375 15
1729586548158 37952.23828125 16
1729586548192 38111.578125 17
1729586548226 41385.390625 18
1729586548259 37566.8984375 19
1729586548292 40492.390625 20
1729586548325 36496.54296875 21
1729586548358 35691.625 22
1729586548394 36798.93359375 23
1729586548431 37287.37109375 24
1729586548469 36786.5078125 25
1729586548507 36337.07421875 26
1729586548545 36170.0859375 27
1729586548581 35462.83984375 28
1729586548614 36132.53515625 29
1729586548647 36621.640625 30
1729586548680 37188.94921875 31
1729586548714 42111.5 32
1729586548747 38727.1171875 33
1729586548809 38141.734375 34
1729586548845 36387.07421875 35
1729586548879 36753.58203125 36
1729586548911 39664.6015625 37
1729586548945 36997.14453125 38
1729586548978 35292.3828125 39
1729586549010 36273.10546875 40
1729586549043 34567.3671875 41
1729586549074 36344.15625 42
1729586549107 35825.66015625 43
1729586549140 37021.48046875 44
1729586549173 35793.859375 45
1729586549205 35079.77734375 46
1729586549239 34890.97265625 47
1729586549272 34162.60546875 48
1729586549306 33976.27734375 49
1729586549354 35953.046875 50
1729586549386 35951.2421875 51
1729586549419 38808.06640625 52
1729586549453 34952.15625 53
1729586549489 34254.7265625 54
1729586549529 33132.6328125 55
1729586549567 33589.703125 56
1729586549605 33329.4375 57
1729586549643 33059.6015625 58
1729586549682 35912.75 59
1729586549716 35551.31640625 60
1729586549749 34189.421875 61
1729586549781 40949.796875 62
1729586549814 36256.7578125 63
1729586549846 34498.0234375 64
1729586549879 34408.5390625 65
1729586549911 34331.5 66
1729586549943 39145.48828125 67
1729586549977 33960.37109375 68
1729586550010 37168.90234375 69
1729586550044 33363.37109375 70
1729586550078 33493.73828125 71
1729586550111 35367.60546875 72
1729586550146 36204.67578125 73
1729586550199 35723.046875 74
1729586550260 34239.41796875 75
1729586550297 35656.61328125 76
1729586550335 33546.44921875 77
1729586550372 34870.62109375 78
1729586550410 41677.16015625 79
1729586550449 40049.9765625 80
1729586550488 38639.375 81
1729586550526 37949.80078125 82
1729586550565 35066.5546875 83
1729586550604 32396.908203125 84
1729586550641 34241.68359375 85
1729586550676 33391.75390625 86
1729586550722 31808.162109375 87
1729586550753 34337.109375 88
1729586550786 34037.01171875 89
1729586550818 31855.474609375 90
1729586550851 32287.189453125 91
1729586550883 32026.92578125 92
1729586550915 33470.74609375 93
1729586550949 36595.953125 94
1729586550982 32002.734375 95
1729586551014 30801.921875 96
1729586551048 30164.83984375 97
1729586551086 31059.224609375 98
1729586551124 31828.177734375 99
