1729586547462 207276.5 0
1729586547515 70607.4140625 1
1729586547564 54862.58203125 2
1729586547611 52965.9609375 3
1729586547658 52658.515625 4
1729586547691 59580.4453125 5
1729586547723 54174.05859375 6
1729586547760 56070.890625 7
1729586547813 54875.125 8
1729586547868 55702.296875 9
1729586547907 53443.01953125 10
1729586547946 52520.48046875 11
1729586547982 53929.6328125 12
1729586548017 52893.77734375 13
1729586548062 49761.33203125 14
1729586548110 48618.41015625 15
1729586548158 47819.38671875 16
1729586548192 47922.5859375 17
1729586548226 52063.0234375 18
1729586548259 46842.62109375 19
1729586548292 50719.93359375 20
1729586548325 45484.8125 21
1729586548358 44698.46875 22
1729586548394 46735.3984375 23
1729586548431 46812.390625 24
1729586548469 46076.41796875 25
1729586548507 45794.328125 26
1729586548545 45544.54296875 27
1729586548581 44961.5390625 28
1729586548614 45468.171875 29
1729586548647 46438.69921875 30
1729586548680 47003.94921875 31
1729586548714 53095.48046875 32
1729586548747 49298.1171875 33
1729586548809 47915.8515625 34
1729586548845 45775.625 35
1729586548879 46787.13671875 36
1729586548911 50422.578125 37
1729586548945 46326.69921875 38
1729586548978 44028.73046875 39
1729586549010 45281.58203125 40
1729586549043 43800.58203125 41
1729586549074 46206.89453125 42
1729586549107 45103.66796875 43
1729586549140 46578.1796875 44
1729586549173 44769.3046875 45
1729586549205 44549.49609375 46
1729586549239 44008.65234375 47
1729586549272 43371.890625 48
1729586549306 42894.23046875 49
1729586549354 45528.3203125 50
1729586549386 45958.5859375 51
1729586549419 49099.24609375 52
1729586549453 44484.0546875 53
1729586549489 43715.70703125 54
1729586549529 42120.55078125 55
1729586549567 42589.89453125 56
1729586549605 42308.0546875 57
1729586549643 41992.17578125 58
1729586549682 45459.1640625 59
1729586549716 44388.0078125 60
1729586549749 43006.5859375 61
1729586549781 51636.8984375 62
1729586549814 45850.2890625 63
1729586549846 44096.0234375 64
1729586549879 44076.0546875 65
1729586549911 43318.5859375 66
1729586549943 49851.890625 67
1729586549977 42791.47265625 68
1729586550010 47756.078125 69
1729586550044 42613.61328125 70
1729586550078 42755.86328125 71
1729586550111 45365.63671875 72
1729586550146 46350.87109375 73
1729586550199 46036.75390625 74
1729586550260 43581.30078125 75
1729586550297 45992.56640625 76
1729586550335 43172.515625 77
1729586550372 45391.5703125 78
1729586550410 52688.91015625 79
1729586550449 50643.27734375 80
1729586550488 48257.8203125 81
1729586550526 47185.75390625 82
1729586550565 44039.75390625 83
1729586550604 40774.4453125 84
1729586550641 43181.7265625 85
1729586550676 42241.82421875 86
1729586550722 40562.9375 87
1729586550753 43545.28515625 88
1729586550786 43490.1015625 89
1729586550818 40878.91015625 90
1729586550851 41322.3125 91
1729586550883 41428.0 92
1729586550915 43086.484375 93
1729586550949 46358.421875 94
1729586550982 40162.515625 95
1729586551014 39064.82421875 96
1729586551048 38511.546875 97
1729586551086 39808.37109375 98
1729586551124 40434.12890625 99
